X_Obs,Y_Obs,Z_Obs,S1_mag,S2_mag,S3_mag,S1DirX,S1DirY,S1DirZ,S2DirX,S2DirY,S2DirZ,S3DirX,S3DirY,S3DirZ
439092.7,4373573.3,0,0.0619895073770675,0.0225976761178063,-0.126982518000018,0.409459250662384,-0.23760032269483,-0.880845734906125,0.508810418806046,-0.741924154221549,0.436646890630238,0.757268168987324,0.626972595922623,0.18289418853707
439092.7,4374573.3,0,0.0704811193948686,0.0250268594309306,-0.158274080966023,0.330815722946012,-0.201870862467819,-0.921850916546817,0.470806219421321,-0.811295166277567,0.346614565373208,0.817864573878775,0.548678692917042,0.173347139384923
439092.7,4375573.3,0,0.0796891552043818,0.0257076795510969,-0.190488706288314,0.263868754689847,-0.152507635844028,-0.952425693326096,0.418266323553477,-0.871662575899653,0.255455742462446,0.869152784543367,0.465774381847314,0.166215710254071
439092.7,4376573.3,0,0.0892890004326142,0.0241801585744529,-0.220931560477538,0.215582027413009,-0.102287939143934,-0.971113570578737,0.354826815072805,-0.918313154757795,0.175496099968276,0.90973750101982,0.38241094035667,0.161677308035919
439092.7,4377573.3,0,0.0986961617216656,0.0205702560560841,-0.247158574056248,0.186067321466435,-0.0604670071801127,-0.980674611135103,0.287350224714956,-0.951117034388813,0.113164637814527,0.939579054810488,0.302853310924793,0.159596590888779
439092.7,4378573.3,0,0.107256756662454,0.0155350185986409,-0.267673174866352,0.170946611609956,-0.0302416402822293,-0.984816073778305,0.222252556613877,-0.972583707192506,0.0684451136479308,0.959885960444089,0.230578350451041,0.159538607382686
439092.7,4379573.3,0,0.114444115730909,0.0100218323146286,-0.282182298897657,-0.164963236923607,0.0107729652530436,0.986240880152178,0.163554799916975,-0.985797295337975,0.038125056438662,-0.972644312114045,-0.167593662541248,-0.160858342613015
439092.7,4380573.3,0,0.119939436345357,0.00500524579487481,-0.291347632686221,-0.163858583995621,-0.000384925433225254,0.986483763821463,0.112663194867972,-0.993464220679265,0.0183261221288805,-0.980029269447138,-0.114143304939677,-0.16283100737991
439092.7,4381573.3,0,0.123605907155139,0.00129008070239079,-0.296258338338428,0.16477195706676,0.00596131627314551,-0.986313674686041,0.0688301519861725,-0.997613401959419,0.00546904091365501,0.98392713772004,0.0687892647093013,0.164789030942
439092.7,4382573.3,0,0.125416991562373,-0.000596869585319486,-0.29790998864872,0.166062533187842,0.00848307007303912,-0.986078735493963,0.029796938497869,-0.999549558195119,-0.00358094513992049,0.985664941817142,0.0287874666144279,0.16624050119791
439092.7,4383573.3,0,0.125388745284504,-0.000436776955546688,-0.296863364885496,0.167037950335524,0.0101920011232583,-0.985897786923579,-0.00751383582238585,-0.999904372292472,-0.0116098467531827,0.985921835349508,-0.00934715911395814,0.166945395856122
439092.7,4384573.3,0,0.123540433776584,0.00170533788301808,-0.293122336629628,0.167759937476544,0.0131404415432785,-0.98574029651522,0.0463369610886078,0.998700897203123,0.0211991500478064,-0.984738284730993,0.0492325778496741,-0.166933111944087
439092.7,4385573.3,0,0.119890182651043,0.00552598257951562,-0.286190931690346,0.168985106759593,0.0193850927858583,-0.985427953668421,0.0895236217541872,0.99537190857197,0.0349325746804663,-0.981544474204537,0.0941221642519802,-0.166467604521303
439092.7,4386573.3,0,0.11448591798788,0.0105143261163111,-0.275251452293636,0.172284902736074,0.0312376272233505,-0.984551737053303,0.139127231019082,0.988705945565275,0.0557150499671206,-0.975172562102823,0.146576818935774,-0.165993103087101
439092.7,4387573.3,0,0.107467889733669,0.0159555696166804,-0.259434051960384,-0.180366409660035,-0.0514213276772704,0.982254450397785,0.195965652077493,0.976733424253646,0.0871164803673228,0.96388039790847,-0.208201020664294,0.166093086918615
439092.7,4388573.3,0,0.099143365658594,0.020952892276463,-0.238189404125237,-0.19743550889323,-0.0827150154604609,0.976820068408429,0.258973013804752,0.956635177667402,0.133349596812819,0.945490453653,-0.279297982568141,0.167452796287227
439092.7,4389573.3,0,0.0900225679177406,0.0245569513854437,-0.211731579965203,-0.228974338007206,-0.126384634760676,0.965193077384298,0.324453598702728,0.924928644295285,0.19808297567165,0.917769369080823,-0.35851628562521,0.170778974462584
439092.7,4390573.3,0,0.0807424916861829,0.0260401687059068,-0.181350647667199,-0.279732575662987,-0.179007079250033,0.943242361056438,0.386044726241167,0.878569457257561,0.281220870696928,0.879044455903303,-0.442800377543344,0.17665975827318
440092.7,4373573.3,0,0.0770705942572343,0.028017513918203,-0.152294677624159,0.429907093399767,-0.248229472040975,-0.868079501114283,0.523460328118507,-0.714853705454862,0.463652310124211,0.735642016153665,0.653732597479819,0.177382397834901
440092.7,4374573.3,0,0.0889195753981464,0.0318480917140643,-0.197008222696645,0.336679263313355,-0.212064851038363,-0.917428783398937,0.485402339186768,-0.795789904816719,0.362081477714356,0.806865318852403,0.567227402675395,0.164989184152583
440092.7,4375573.3,0,0.102043234944244,0.0328221622623997,-0.24385296924771,0.256371588363007,-0.154985461417312,-0.954071860726168,0.428160801126037,-0.866729155607998,0.255849368180101,0.866574830617264,0.474088681122329,0.155846030980426
440092.7,4376573.3,0,0.115978351085452,0.0299454328831222,-0.287893155623636,0.200697287382601,-0.0962225292982418,-0.974916316251151,0.356314143024367,-0.919836469439444,0.164137445362081,0.912557302484659,0.380318411787581,0.150323236185545
440092.7,4377573.3,0,0.129693131424899,0.0234553454876439,-0.324673131933979,0.169752712284003,-0.0495036899750357,-0.984242552093273,0.280257954708575,-0.95507473545791,0.0963728619092018,0.944796007344861,0.292201359286468,0.148252723874976
440092.7,4378573.3,0,0.14203908457353,0.0146468966206444,-0.351801148621243,-0.156478059756756,0.0183528835662149,0.987510905499056,0.209312525305859,-0.976501410677871,0.051315316370561,-0.965247576306123,-0.214728122538553,-0.148959557686719
440092.7,4379573.3,0,0.152191911661827,0.005269771062798,-0.369378193272135,-0.153273677143438,0.000556330487334558,0.988183621798762,0.148682337222657,-0.988602925918601,0.0236181596062791,-0.97693435935734,-0.150545492664405,-0.151444089173181
440092.7,4380573.3,0,0.159769056816313,-0.00302042764135456,-0.379250359497028,0.154626148160573,0.00763901579137063,-0.987943520522689,0.0996526409673356,-0.994990897835891,0.00790344051433038,0.982934435989125,0.0996732595106004,0.154612858085195
440092.7,4381573.3,0,0.164711891493628,-0.00898174766072852,-0.383804822903466,0.157188251569081,0.00978939488127756,-0.987520137170131,0.0605958480044414,-0.998162351985967,-0.00024956455040773,0.985707865837175,0.0598003915179543,0.157492591575037
440092.7,4382573.3,0,0.167107433955169,-0.011897575780635,-0.384977263649642,0.159217016067942,0.00884469480152232,-0.9872039876177,0.0280144486666857,-0.999597668507141,-0.00443754222400612,0.986846053070246,0.0269494432030816,0.159400737296668
440092.7,4383573.3,0,0.167050688748851,-0.0115458093258005,-0.383734609959843,0.160064076187365,0.00720252597417527,-0.987080348874334,-0.00245566190567673,-0.999967379602991,-0.0076947679972972,0.98710357168784,-0.00365559154153633,0.160041167864993
440092.7,4384573.3,0,0.164575444934101,-0.00809285858208444,-0.379980959590146,0.159856493153407,0.00691487900401997,-0.987116044872666,0.0351729702965398,0.999300589132787,0.0126962482405091,-0.986513438204069,0.036749381045477,-0.159501470951088
440092.7,4385573.3,0,0.159648291685037,-0.00197723354423844,-0.372728250407014,0.159379763017254,0.00999068687360127,-0.98716679305797,0.0739001677227944,0.997022471248408,0.0220217400824833,-0.984447487858599,0.0764616112929306,-0.158166891754823
440092.7,4386573.3,0,0.152221523763738,0.00613857054923625,-0.360385795213754,0.160222496573942,0.018863496975116,-0.986900663731403,0.12151914211808,0.991834898141845,0.0386863403133618,-0.979572278951635,0.12612574404072,-0.156621987599685
440092.7,4387573.3,0,0.142355178847218,0.0152757166547651,-0.341106310273515,0.165335051275568,0.0369410922440378,-0.985545370098973,0.179692828800561,0.981443078289525,0.0669325881408523,-0.969729244736569,0.188161738356655,-0.155628892308736
440092.7,4388573.3,0,0.13039852149743,0.0240058076165086,-0.31333893484149,-0.179955984182182,-0.068578931166507,0.981281190055675,0.247880992622823,0.962212360702313,0.112704864171897,0.951930069518421,-0.263522870187279,0.156156458831879
440092.7,4389573.3,0,0.117134686222641,0.0305790691475538,-0.276766119086045,-0.211994418487466,-0.117084634774288,0.970231701620769,0.321685273807214,0.929109882145944,0.182410009358937,0.922809271272097,-0.350779154452658,0.159301706380503
440092.7,4390573.3,0,0.103686283791687,0.0335054691170804,-0.233242324463456,-0.269377017149205,-0.179207784034974,0.946213819796071,0.391950646725846,0.877074065331343,0.277697271240359,0.879665114212783,-0.445674381207205,0.16602298868707
441092.7,4373573.3,0,0.0976784680565211,0.0354006496332173,-0.184454562371236,0.45752795158916,-0.262264097245448,-0.8496385801096,0.538198784996647,-0.678934198929447,0.499390049312321,0.70782076922252,0.68575935780714,0.169481154814275
441092.7,4374573.3,0,0.114640110215341,0.0419493354821819,-0.25104355289833,0.345032537675977,-0.228840833212744,-0.910266126470371,0.501416361539776,-0.774892569331415,0.384867689440373,0.793431900244179,0.58921420472478,0.152618611661411
441092.7,4375573.3,0,0.133893423325999,0.0437134046397822,-0.322697275130411,0.245144082097696,-0.161383214841952,-0.955960164954458,0.438667674130681,-0.860870977201013,0.257821318524576,0.864566394607873,0.482552192597079,0.140243826012037
441092.7,4376573.3,0,0.154849097244561,0.0383782595868118,-0.389647580932506,0.179028612468107,-0.0902715162783037,-0.979693732380972,0.355137503376995,-0.922714300938125,0.149918886533425,0.917510822613499,0.374765756430711,0.133133460084299
441092.7,4377573.3,0,0.175530003699977,0.0265010550928303,-0.443092911686821,-0.146800939537776,0.0372307808981787,0.988465150171992,0.267390859889233,-0.96059485833871,0.0758923328204599,-0.952340071717306,-0.275447612236786,-0.131061057200567
441092.7,4378573.3,0,0.193761874748163,0.0108957755931219,-0.47913498070444,-0.136465822465445,0.00545775266687621,0.990629745280575,0.189274859972177,-0.981419370980801,0.0314808774680965,-0.97239503633109,-0.191797370157872,-0.132897186272628
441092.7,4379573.3,0,0.208246093602704,-0.00505169481381472,-0.499309717510959,0.136885266404886,0.00995210434915388,-0.990536914738813,0.127195414553405,-0.991848466455578,0.00761223398917627,0.982386762104341,0.127033756178199,0.137035303602418
441092.7,4380573.3,0,0.218654097243289,-0.0185516791860959,-0.508260686135868,0.14109323178281,0.0146758507898687,-0.989887528635792,0.0817138197222493,-0.996650922113523,-0.00312907600812154,0.986618240056144,0.0804459996137682,0.141819919386029
441092.7,4381573.3,0,0.225216087560858,-0.0278260365895391,-0.510956658419176,0.145387470248739,0.0132378549183121,-0.989286228900329,0.0496474451260358,-0.998748370887853,-0.00606818270299745,0.988128339178231,0.0482332960310759,0.145862724734078
441092.7,4382573.3,0,0.228305714671723,-0.0320872827559983,-0.510913961928484,0.148088883892199,0.00896291025473737,-0.988933439978307,0.0257364522837413,-0.999655206063291,-0.00520615159266441,0.988639123993892,0.0246806651110668,0.148268497255033
441092.7,4383573.3,0,0.228187417968389,-0.0312948403605607,-0.509612871097646,0.148711465763888,0.00428712093839877,-0.988871336698772,0.00407284197107095,-0.99998477621638,-0.00372280724117708,0.988872242460387,0.00347389256250366,0.148726662578804
441092.7,4384573.3,0,0.224918126345316,-0.0258593744934206,-0.506643415689703,0.147509203490856,0.00111717886467443,-0.989060052169168,0.0208293160672451,0.999774073352137,0.00423578151533764,-0.988841329272631,0.0212262611936062,-0.147452607159306
441092.7,4385573.3,0,0.218348206678856,-0.0163837587186161,-0.500152531829162,0.145283300400967,0.00117346859765318,-0.989389400385941,0.0534794837945886,0.998528052619661,0.00903730848496551,-0.987943676247622,0.0542250044079151,-0.145006694532683
441092.7,4386573.3,0,0.20818976251003,-0.00352075388476281,-0.487341688191741,0.143454472268991,0.00666312125506741,-0.989634486667257,0.097537284192977,0.995013695238472,0.0208380536552729,-0.98483871399244,0.099515572163465,-0.142089261799386
441092.7,4387573.3,0,0.194216234391863,0.0116992495154041,-0.464708460496338,0.144861407559009,0.0215820328184831,-0.989216552863651,0.15604627306346,0.986752246900841,0.0443797690298932,-0.977069461841392,0.160792472135869,-0.139574523611613
441092.7,4388573.3,0,0.176671543287478,0.027129789616453,-0.428475178025261,0.155688695782023,0.0526125204079805,-0.986404051442416,0.230058410439378,0.969189433391907,0.0880055111205012,-0.960642575462799,0.240632011373786,-0.138787886036235
441092.7,4389573.3,0,0.156744138559183,0.0393721120482433,-0.376482628625765,-0.187408690488685,-0.106987556072417,0.976438244629412,0.315043443447323,0.934990412635814,0.162912728231911,0.930390031906066,-0.338151727963591,0.141519600780486
441092.7,4390573.3,0,0.136562807582584,0.0450616968612653,-0.311126322459508,-0.253852367863046,-0.18299339682736,0.949774916518598,0.397596062722735,0.87540260424705,0.274932085040764,0.881746191507343,-0.44741892806973,0.149465569838773
442092.7,4373573.3,0,0.126841662176483,0.0454269114333229,-0.224912075373016,-0.496347616677394,0.278693532119479,0.822173314194423,-0.552455441717356,0.629145189385191,-0.546780866152386,0.669650676349656,0.72560750122104,0.15830895690455
442092.7,4374573.3,0,0.151881897680578,0.0575499547795087,-0.329186389485924,0.358995231921624,-0.25611546924098,-0.897511721301183,0.519479475059688,-0.744072294384204,0.42011605030222,0.775411825064108,0.617058576753697,0.134071676372942
442092.7,4375573.3,0,0.181016976811588,0.0615102712974246,-0.446307994953136,0.228612547247795,-0.174616239282868,-0.957729331397751,0.451031840861108,-0.852830933075778,0.263153335754152,0.862732045174117,0.492126577790516,0.116210368134171
442092.7,4376573.3,0,0.213932732468787,0.0512943528088903,-0.555004739545266,0.146759097209383,-0.0845092222150293,-0.985555659892884,0.350711718771124,-0.927172668866524,0.131727493043522,0.924912459480837,0.364978127382366,0.106432649265021
442092.7,4377573.3,0,0.246435799051554,0.0285604810928824,-0.636119477730458,-0.113834650140601,0.023487173814433,0.993222042190757,0.246882657837684,-0.967692955824653,0.0511790631640329,-0.962336025349965,-0.251035248348828,-0.10435841317342
442092.7,4378573.3,0,0.274021377223484,0.00021514041471145,-0.683575201747788,0.108012796549918,0.00791366752777843,-0.994118005896546,0.160554739074331,-0.986980370248232,0.00958772681275081,0.981099083447865,0.160645954231416,0.107877086755428
442092.7,4379573.3,0,0.294735879543174,-0.0269011948370559,-0.7037412833352,0.112890058803401,0.0198603195975783,-0.993408980394705,0.098517315329118,-0.995097317816032,-0.00869865826905316,0.988711370018424,0.0968859937288186,0.11429318009169
442092.7,4380573.3,0,0.308781816815184,-0.0483461297508398,-0.707868534516657,0.120126486347084,0.0206315401510901,-0.99254418885453,0.0591930123571817,-0.998154126285669,-0.0135840887429218,0.990992338298328,0.0571198715850013,0.121125991034652
442092.7,4381573.3,0,0.317200649566342,-0.0620383407997825,-0.705852026491991,0.1259933823179,0.0156903365473892,-0.991906992087023,0.0367209587114503,-0.999263438273868,-0.0111423570396982,0.991351218692652,0.0350199124516011,0.126476744615264
442092.7,4382573.3,0,0.320997015228999,-0.0676851135750865,-0.703509608940031,0.129130878395923,0.0085739484796683,-0.99159049191295,0.0234649733381437,-0.999709040094586,-0.00558839685427797,0.991349893463926,0.0225460098604759,0.129294493960237
442092.7,4383573.3,0,0.320749190428615,-0.0659173981825104,-0.702662433855476,0.129354112239169,0.00155260363322828,-0.991597248417307,0.0119938040687397,-0.999928071744589,-1.05292695889435e-06,0.991525926191936,0.0118928869121865,0.129363429647319
442092.7,4384573.3,0,0.316533025608171,-0.0576410973385921,-0.702078816000336,0.127111494114149,-0.00371374096020407,-0.991881482936419,0.00398941555094687,0.99998681657646,-0.00323283727363081,-0.991880412462929,0.00354609663664332,-0.127124634005424
442092.7,4385573.3,0,0.307987524238189,-0.0437075961342537,-0.698347662591018,0.123296661877848,-0.00601737504270119,-0.992351613273932,0.0291826982622081,0.999571127773942,-0.0024352911256726,-0.991940675288556,0.0286592344336921,-0.123419386604204
442092.7,4386573.3,0,0.294335691178704,-0.0242475956545824,-0.687070149852159,0.118976092175543,-0.00410702925357619,-0.992888625074004,0.0673833232296536,0.997719352161524,0.00394741344648508,-0.990607983634881,0.067373782980472,-0.1189814948878
442092.7,4387573.3,0,0.274571906150627,0.000790351976047659,-0.662629149927924,0.116140387135037,0.00603503450669153,-0.993214472727128,0.123693406141336,0.992108869262627,0.02049226213933,-0.985500558981718,0.125234060418624,-0.114477414181952
442092.7,4388573.3,0,0.248301184477203,0.0287748410377722,-0.616524129337573,0.12128854640333,0.034338359892925,-0.992023167850042,0.20319805928777,0.977378007698454,0.0586751972223795,-0.971596437422993,0.208693811856665,-0.111567269750961
442092.7,4389573.3,0,0.217167543430724,0.0527401783046915,-0.540481665230868,-0.150938162603568,-0.095453378374981,0.983923941992805,0.30326427950216,0.942862139227301,0.137991895377063,0.940876425386402,-0.319217228495771,0.113366278864503
442092.7,4390573.3,0,0.18555868211159,0.0642256642463248,-0.436053017273307,-0.230579950642258,-0.193150991718496,0.953690505751198,0.403995055245931,0.872632078618705,0.274410733577306,0.885223633721249,-0.448559861962436,0.123179416046632
443092.7,4373573.3,0,0.170013763485153,0.0584763855628525,-0.273172134170312,-0.551954049548433,0.291952940629157,0.781095517619372,-0.565120272864335,0.557827570704026,-0.607838365488873,0.613176813313115,0.776911759352652,0.142906661127958
443092.7,4374573.3,0,0.208548568661032,0.0825621123266053,-0.446341603843861,-0.385946364418244,0.300051526148669,0.872361441977002,-0.539630280114372,0.693539597599141,-0.477286064478848,0.748227615486106,0.65495947066813,0.10575219716913
443092.7,4375573.3,0,0.253655828934549,0.0930560452458476,-0.655404582054466,-0.204564000225692,0.200728934064768,0.958050867564393,-0.467778336536086,0.839708154081847,-0.275814509835851,0.859847078077954,0.504577160598536,0.0778774121496357
443092.7,4376573.3,0,0.308051736616846,0.0716858414329987,-0.8480236752048,-0.0966510750733031,0.0784214182676912,0.992224093057641,0.341958106674829,-0.933592457835613,0.107097039883579,-0.934731631521337,-0.349650116301056,-0.0634158750165653
443092.7,4377573.3,0,0.361678272551686,0.0245546316205139,-0.977120956688029,-0.0647670693144154,0.00806529342886051,0.997867815782395,0.215989961305307,-0.976149756013387,0.0219086843588557,-0.974245124877591,-0.216948392197109,-0.0614803364933531
443092.7,4378573.3,0,0.404170358397611,-0.0287945575110228,-1.0362354478434,0.0655234015005524,0.0205484541567039,-0.997639436313324,0.122009207538059,-0.992451153817919,-0.0124282163408994,0.990363790297147,0.120906858024064,0.0675358760290895
443092.7,4379573.3,0,0.433300071753016,-0.0744428967705172,-1.04802570092111,0.0753096078522462,0.027700105356253,-0.996775384491608,0.0635975778444875,-0.997712368065472,-0.02292114092934,0.995130047309122,0.061666317973759,0.0768989867950414
443092.7,4380573.3,0,0.451410488386769,-0.106898208516544,-1.03887858098365,0.0852928038882855,0.0243406383953059,-0.996058568020668,0.0342523807066005,-0.999182273239657,-0.0214839302633931,0.99576699685258,0.0322849526272105,0.086056782493039
443092.7,4381573.3,0,0.461478670783979,-0.125187878495149,-1.02739623559797,0.0922104685170971,0.0164167109304535,-0.995604199015896,0.0239111240804896,-0.999612262996868,-0.0142682098206949,0.995452403503585,0.0224903372252588,0.0925672571184285
443092.7,4382573.3,0,0.465736243432273,-0.131326478543231,-1.02159748607169,0.0953422019203169,0.00744380036745969,-0.995416723974977,0.0220729408422939,-0.999741983981335,-0.00536197236434828,0.995199803966801,0.021460552209877,0.0954819086701195
443092.7,4383573.3,0,0.465240815676051,-0.127651942730384,-1.02258168661221,0.0949110842566067,-0.000902314456323802,-0.9954853449016,0.0207357315452264,-0.999780834326726,0.00288318404532973,0.995269770224394,0.0209157629929404,0.0948715728545887
443092.7,4384573.3,0,0.459971190441245,-0.115558038886463,-1.02755933549918,0.0914942375240159,-0.007125434637625,-0.995780112615794,-0.0134752512761893,0.999873980799298,-0.00839286146722973,-0.995714427987735,-0.0141862856939189,-0.0913866904711403
443092.7,4385573.3,0,0.449285239398431,-0.0967048416755443,-1.02976485689173,0.0864012525097902,-0.0102548172292408,-0.996207640147542,0.00402389616165623,0.999942458224082,-0.00994426972979454,-0.996252293259303,0.00314943873945281,-0.0864375451479665
443092.7,4386573.3,0,0.431693564973571,-0.0700297737767052,-1.02281920513479,0.0804974970363457,-0.0114080094774247,-0.996689525524698,0.0334136380097206,0.999403388918742,-0.00874042405663713,-0.99619460034967,0.0325994407543668,-0.0808306544366904
443092.7,4387573.3,0,0.404367494812302,-0.0300988733161709,-1.00152731038998,0.073607964168404,-0.00826765760530886,-0.997252983675007,0.0818799677971103,0.996639727844326,-0.00221895379223703,-0.993920287791997,0.0814917095176511,-0.0740375769144533
443092.7,4388573.3,0,0.364614313684204,0.0226286090449771,-0.948764766302935,0.0707140633774104,0.0131384786489684,-0.997410097010977,0.163728380957717,0.986198721534612,0.0245987583520294,-0.983967752779338,0.165043818491598,-0.0675869770598765
443092.7,4389573.3,0,0.313797505872631,0.0735036484189833,-0.835836235452615,-0.0946117390659432,-0.0807602432876309,0.99223303811909,-0.283977047199966,-0.953102692958375,-0.104653205106593,-0.954151798978814,0.29167283003327,-0.0672406478692532
443092.7,4390573.3,0,0.261775235568217,0.0988677454524955,-0.654586471233812,0.195365511843733,0.215712654730382,-0.956713315142633,-0.413486947186368,-0.86645360169687,-0.279797606517677,0.889303582185822,-0.450251270620854,0.080080784310422
444092.7,4373573.3,0,0.237523044927434,0.0730507113084587,-0.320061275440597,0.629546519064369,-0.284123908538793,-0.723149213461908,-0.575335711838293,0.455042313750586,-0.679650874626112,0.522168554221203,0.843925409792331,0.123003673479233
444092.7,4374573.3,0,0.301688786268376,0.122785714899356,-0.625635224418487,-0.44337113184854,0.366565395834986,0.817955897356138,-0.558489819080191,0.600783947341402,-0.571968330067896,-0.701078570081214,-0.710414287013727,-0.0616472171282509
444092.7,4375573.3,0,0.369352456806106,0.155282285651389,-1.04539663744449,-0.172275932936874,0.255946615576425,0.951216238773132,-0.494189526137603,0.812879289839429,-0.30822714417461,-0.852113675037915,-0.523181221112836,-0.0135534013539148
444092.7,4376573.3,0,0.463219139835194,0.102699086183097,-1.42871841778923,-0.0138089265690847,0.0695987054401058,0.997479490389688,-0.325845956418357,0.942805944439955,-0.0702948349062078,-0.945322022504932,-0.325995354767129,0.00965931868394294
444092.7,4377573.3,0,0.555845934916555,-0.0075859307559231,-1.64068725004959,-0.01247248192393,0.00880250687947708,-0.999883469743997,-0.170396104204556,0.98531646313005,0.0107997757753996,-0.985296709050917,-0.170510947911052,0.0107894288962435
444092.7,4378573.3,0,0.620525959337554,-0.11149737862596,-1.69834747017493,0.00328939544369336,-0.0297781616411828,0.999551119736698,-0.0744872236536444,0.996772401069606,0.0299405073154275,-0.997216542878219,-0.0745522739774234,0.00106068600831649
444092.7,4379573.3,0,0.658867426382649,-0.184556908990656,-1.67961282304039,-0.0106419400865256,-0.0315165270426326,0.999446575677943,-0.0265555992629152,0.99915955543792,0.0312247165701455,-0.999590690862506,-0.0262086111854382,-0.0114699363881529
444092.7,4380573.3,0,0.679991912724213,-0.228995926151122,-1.64018176591765,0.0225391734734569,0.0247034276632774,-0.999440706755943,0.011712297328454,-0.99963258807225,-0.0244440372129095,0.999677351824289,0.0111547983245526,0.0228202262021054
444092.7,4381573.3,0,0.690348501831018,-0.248298088064857,-1.61290157824364,0.0295702795495104,0.0148250182412414,-0.99945275896438,0.0147946282717185,-0.999786968297058,-0.0143922547809447,0.999453209280787,0.0143609490468011,0.0297833107765022
444092.7,4382573.3,0,0.694284071465962,-0.251938268137791,-1.60345072617061,0.0320966077798925,0.00562614558063559,-0.999468936113038,0.0223119631926601,-0.999738994405217,-0.00491114692654403,0.999235699956478,0.0221424829581104,0.0322137607388001
444092.7,4383573.3,0,0.693422786789671,-0.245726687541454,-1.6089435357551,0.0308135277108233,-0.00295117311766194,-0.999520793724295,-0.0289099169429532,0.999574635189538,-0.00384257570570044,-0.999106972857444,-0.0290144664423128,-0.0307151025507331
444092.7,4384573.3,0,0.686922343269814,-0.228729920839767,-1.62649997262558,0.0257405315403183,-0.00941445187437758,-0.999624326000486,-0.0289909126671868,0.999528038636959,-0.0101600669917331,-0.999248193402793,-0.0292415470599284,-0.0254554494518676
444092.7,4385573.3,0,0.673953566555792,-0.205697987274387,-1.64003712282308,0.0192548105112013,-0.0105303880347121,-0.999759152596272,-0.016457765810747,0.999805714217707,-0.010847845967696,-0.999679145634586,-0.0166626752191436,-0.0190777629151066
444092.7,4386573.3,0,0.653234697267177,-0.177828045683222,-1.63623455527724,0.0137142823435063,-0.0124221680660826,-0.999828789443643,0.0020091244905076,0.999921151202828,-0.012395757177029,-0.999903936325177,0.00183878159339828,-0.0137381586709262
444092.7,4387573.3,0,0.618188603410105,-0.119559208536507,-1.62895945122365,-0.00462184986136693,0.0186014610447632,0.999816295201703,0.0318473663579801,0.999322533141215,-0.0184450538704947,-0.999482057747872,0.0317562655742927,-0.00521112625594584
444092.7,4388573.3,0,0.559516195701757,-0.016588445717552,-1.59342169475003,-0.00824948446566371,-0.0109069943214027,-0.999906487368156,-0.106243677726492,-0.994271026555896,0.0117220601702572,0.994305902099148,-0.10633044355385,-0.00704342419858459
444092.7,4389573.3,0,0.473646078862106,0.103491632667036,-1.43372550126095,-0.00264421591499535,-0.0587624140688475,0.998268494351593,0.251730742320606,0.966085598242596,0.0575347741714771,-0.967793697795616,0.25144700348393,0.0122377671999809
444092.7,4390573.3,0,0.384350725127329,0.16871821932498,-1.08287499464211,-0.143002810062874,-0.26745702779458,0.952899225835246,0.431746975592203,0.849498420535987,0.303227608528391,-0.890586742199269,0.454773758906725,-0.0060068984294294
445092.7,4373573.3,0,0.347878679233552,0.0818734088388038,-0.326694094719852,0.725626810402418,-0.211147375134055,-0.65489122608202,-0.585360832140217,0.310858625053264,-0.748812133599681,0.361688302577408,0.926705833155265,0.101969949370788
445092.7,4374573.3,0,0.479067931824805,0.177364163695761,-0.882503602080062,-0.560870164082222,0.431760853633916,0.70640443395529,-0.565452940942855,0.42345512978203,-0.707777312888991,-0.604721118054808,-0.796409642288814,0.00663709634898999
445092.7,4375573.3,0,0.551444857478618,0.293648338058838,-1.86274390676527,-0.163503754107473,0.407551597202477,0.898425410376662,0.539477854117566,-0.725521410344004,0.427296534094479,-0.825972255774653,-0.554545199916254,0.101239586824386
445092.7,4376573.3,0,0.70038719015513,0.130309483120983,-2.74332130674173,0.133409232415315,0.0502929391746166,0.989784116348376,0.291953812368605,-0.956387739218839,0.00924465874520167,-0.947082334409102,-0.287737923362661,0.142274169507855
445092.7,4377573.3,0,0.858209803499354,-0.166731396389647,-3.06591693851214,-0.1444552570116,0.0242058050354723,-0.989215223156365,0.104582276473468,-0.993727984023338,-0.0395883974990189,0.983969118503899,0.1091731320953,-0.141017733137228
445092.7,4378573.3,0,0.945852031754558,-0.366950943323746,-3.05384549418073,0.128254261066051,-0.0303088897293668,0.991278071845521,-0.0257050930789015,0.999095501018407,0.0338737071278369,0.991408136293124,0.0298253423811122,-0.12735916238592
445092.7,4379573.3,0,0.987570414993117,-0.461782795947189,-2.96078448201941,-0.1133954987201,0.030243485442966,-0.993089518854308,0.00380990102388658,0.99954248850036,0.0300049718662677,-0.993542623909115,0.000381144025836209,0.113458843661583
445092.7,4380573.3,0,1.0086732072615,-0.511410117566415,-2.85781905777486,-0.100221173460955,0.0218586951872142,-0.994725044338797,0.00178882029655079,0.999760988410514,0.0217891297297228,-0.994963575470005,-0.000404347801405089,0.100236320716593
445092.7,4381573.3,0,1.01569689545483,-0.517241368455153,-2.81181239965082,-0.0944455614400094,0.0108166768389605,-0.99547126298374,-0.0130521114223954,0.999841573558617,0.012102486159667,-0.995444462695784,-0.0141360279424261,0.0942894182944839
445092.7,4382573.3,0,1.01744417506906,-0.51283457686662,-2.80114700507322,-0.0930512397762126,0.00380750491905192,-0.99565404116209,-0.0236886911396313,0.999701156432085,0.00603686511722497,-0.99537948174965,-0.0241474788465338,0.0929332372036789
445092.7,4383573.3,0,1.01603718234579,-0.507116489288828,-2.81358874285594,-0.0950802821059569,-0.00404998094604149,-0.995461369219815,0.0337973514261251,-0.999428355001008,0.000838007493260455,0.994895712620791,0.0335642797377878,-0.0951628085674908
445092.7,4384573.3,0,1.00716200633029,-0.485917820041477,-2.85953868661676,-0.102624676295787,-0.0130872832150759,-0.994634052721519,0.0417779882912993,-0.999087852551767,0.00883530292810479,0.993842429920114,0.0406470897057553,-0.103077827824103
445092.7,4385573.3,0,0.988957569485404,-0.454918669731927,-2.90285532080052,-0.11311794259811,-0.00780476037879668,-0.993550913027511,0.0260957353570453,-0.999647529193587,0.00488159536752809,0.993238815018093,0.0253752456655453,-0.113281742787033
445092.7,4386573.3,0,0.969502202636957,-0.454282524231456,-2.87196721091982,-0.115574929376096,-0.00479918772490662,-0.993287170709907,0.0152971795031508,-0.999878336097168,0.0030511150104772,0.993180966389791,0.0148418597466725,-0.115634282115216
445092.7,4387573.3,0,0.933136275505542,-0.38866201429417,-2.89143756501876,-0.122614326063686,-0.0208875746355109,-0.992234567161311,0.0190091239792195,-0.999644520699198,0.0186945297243361,0.992272331696037,0.0165692927404096,-0.12296779370466
445092.7,4388573.3,0,0.857038908458255,-0.193768037212032,-2.96696313667607,-0.143919356278086,-0.0334328933893764,-0.989024499457984,-0.0263917382521078,-0.998943975464321,0.0376086430966533,0.989237431075338,-0.0315146874195795,-0.142885021735354
445092.7,4389573.3,0,0.717072302364724,0.117794427326414,-2.81781332628916,-0.156519084333827,0.0211344766891882,-0.987448788613553,0.192172592905997,0.981315568340584,-0.00945779404417027,-0.968798983677773,0.191240919333363,0.15765608138427
445092.7,4390573.3,0,0.576007521998019,0.32606796794649,-2.04819801356698,-0.0929032580327731,-0.422936498194331,0.901384325990869,0.474258545768428,0.777208431455619,0.413552760648399,0.875470054549276,-0.465909618455568,-0.128376053133266
446092.7,4373573.3,0,0.518760936987035,0.071195206012668,-0.186211184656655,-0.802643317649797,-0.00864184224455757,0.59639669951698,0.594122125140881,-0.100013535188469,0.798132942057392,-0.0527504033179836,-0.994948547082574,-0.0854095053730264
446092.7,4374573.3,0,0.895822175870064,0.198062844062398,-1.06289071404712,-0.732901089603415,0.354260144897092,0.580823331655692,-0.570435826809966,0.145263964207622,-0.808394302425689,-0.370754582371892,-0.923795502500515,0.0956185610123136
446092.7,4375573.3,0,0.97170738354347,0.444884583706487,-3.69493971214752,0.447520727624955,-0.763339943098871,-0.465872653861377,0.519253915821309,-0.202332034176876,0.830323502527831,0.728080056896402,0.613493177806941,-0.305819475400232
446092.7,4376573.3,0,0.751062920534584,-0.0462663776581698,-5.93064761802255,-0.394183486501259,-0.0140845044050417,-0.91892383019779,0.208772653970018,-0.975114021433654,-0.0746098127447245,0.89500466921912,0.221256122941608,-0.387314304069474
446092.7,4377573.3,0,0.936731903675387,-0.861119140230027,-6.1380761218621,0.388063533693167,-0.0287357842451646,0.921184535541814,0.0241376766292292,-0.998854068620687,-0.0413270149761893,0.921316485462251,0.0382727619034055,-0.386925224444944
446092.7,4378573.3,0,1.0208668901569,-1.18049581679458,-5.83131978221563,0.376330484121516,-0.0125596093091397,0.926400357801565,0.001259579694012,-0.999900250866867,-0.0140677565863236,0.92648463569552,0.00646100072584651,-0.376277125653103
446092.7,4379573.3,0,1.05185407292658,-1.20506709222329,-5.66244729440786,0.364282126561335,-0.0275612672896947,0.930880716748036,-0.0180713757524338,-0.999582971647548,-0.0225235026288496,0.931113289372655,-0.0086173857778016,-0.364628280603673
446092.7,4380573.3,0,1.08220756248895,-1.24146084092253,-5.43991344124076,0.350502078751968,-0.0220713267713007,0.936301847336159,-0.00301203562262962,-0.999743670200891,-0.0224392855202746,0.936557110074958,0.00504484170285464,-0.350478714247008
446092.7,4381573.3,0,1.07948704932401,-1.19792828284139,-5.40071189723833,0.347916449273115,-0.00159910540453034,0.937524179521304,-0.0196618783916597,0.9997661615618,0.00900181837720192,-0.937319345187807,-0.0215653670937859,0.347803651617993
446092.7,4382573.3,0,1.07569249194091,-1.18756058911472,-5.38633256320362,0.345325238277548,-0.00455827596090355,0.938472003806623,-0.0237041922558638,0.999626809907862,0.0135776353953295,-0.938183665962082,-0.0269344209831156,0.345088316070325
446092.7,4383573.3,0,1.06628003243394,-1.18511082515923,-5.40421708432379,0.351497351081437,0.000856856059634582,0.936188484216948,-0.0305748439026989,0.999476645858098,0.0105647198056845,-0.935689473651948,-0.0323372877950537,0.351339591727151
446092.7,4384573.3,0,1.05043678453006,-1.18534736392814,-5.48054770251971,0.357424101932975,0.0273537223778692,0.933541528390398,-0.0557712671472527,0.998412306324291,-0.00790141386081667,-0.932275483490902,-0.0492406382197123,0.358382173704998
446092.7,4385573.3,0,1.00615113784187,-1.10419255637815,-5.63978394309497,0.380981215146417,0.00592923982692082,0.924563766227421,-0.0243043717084447,0.999698109048219,0.00360392581399055,-0.924263280251583,-0.0238439694784625,0.381010306813468
446092.7,4386573.3,0,1.01742409009626,-1.21206963211805,-5.43636472520485,0.383544655589069,-0.00614900311700193,0.923501860815521,-0.011545033961977,0.999867769694074,0.0114523062225446,-0.923450166148601,-0.0150543311928904,0.383422948912106
446092.7,4387573.3,0,1.00022368443809,-1.16656729340199,-5.5008024631345,0.380193004309413,0.0140013750067284,0.924801189971176,-0.0492742700924806,0.998772081282691,0.00513575282647744,-0.923593701678955,-0.0475214809129764,0.380416065736979
446092.7,4388573.3,0,0.921411021623953,-0.917186557810227,-5.86262001203734,0.403747999119568,0.0315980156648566,0.914324405565656,-0.05483879041743,0.998442205521332,-0.0102892807936395,-0.913225196910652,-0.0459861679175444,0.404851839674418
446092.7,4389573.3,0,0.750271754660041,-0.15839686938484,-6.16086017852057,0.432467248454539,0.0338714468983695,0.901013209725125,0.0758986207222242,0.994379869437178,-0.0738110739019827,0.898449485717825,-0.100306531906506,-0.427465929952628
446092.7,4390573.3,0,0.98718362211956,0.478988832068626,-4.46981252225619,-0.320955670677741,-0.847877085216678,0.422009366986412,0.51810426798094,0.215814714660075,0.827642420635944,0.792814874330531,-0.484281382360154,-0.37002178008815
447092.7,4373573.3,0,0.688538929866473,0.203302331836111,0.0378684230198234,-0.709125858430164,-0.465554742000013,0.529527429985439,0.279478530621199,-0.875091799306885,-0.395102636928248,0.647327017686963,-0.132185948523815,0.750662778606586
447092.7,4374573.3,0,1.76567834641249,0.199518192558536,-0.243276060746041,-0.811569272888746,-0.122230240968706,0.571327474829947,0.499702537239138,0.361485945618496,0.787162807427453,0.302741952130191,-0.924330936035916,0.23229212450569
447092.7,4375573.3,0,3.43299354426567,-0.336195718671326,-6.62478275976986,-0.644005401974553,0.657916990579186,0.390387340643651,-0.625923469541733,-0.159740573743765,-0.76334969665079,-0.439860037403302,-0.735953926959589,0.514679477819278
447092.7,4376573.3,0,-1.24621848683167,-2.04579870521161,-11.1083808389437,0.528698341495115,0.654645231590145,0.540294072201982,0.497939689332035,-0.754701694684343,0.427178437925531,-0.687411179344816,-0.0431853308064926,0.72498337754386
447092.7,4377573.3,0,-1.42482148001913,-2.80742551350569,-9.98543597258767,-0.748981035443983,0.171215040715236,-0.64008813328958,-0.0903825624014157,-0.983407793705977,-0.157289871549624,0.656398050697146,0.0599543252086373,-0.752028641695091
447092.7,4378573.3,0,-1.15456281241696,-3.23677905392235,-8.41092203301531,-0.809091437214835,-0.077243619269387,-0.582584302490033,0.0529641817683414,-0.996874538403341,0.0586169781951911,0.585291245172215,-0.0165703942406736,-0.810653798091064
447092.7,4379573.3,0,-1.35653359065542,-2.50221652223835,-9.67088995494542,0.733695732456597,0.062442890396338,0.676602880287934,-0.037556934392589,0.997972952102909,-0.0513757097278159,0.678439421653849,-0.0122830089944168,-0.734553659602914
447092.7,4380573.3,0,-1.07130891336073,-2.83993922790854,-8.65663277151568,-0.774169465468175,0.205805799687794,-0.598586344274231,-0.0923371071310352,-0.972269363841914,-0.214863079148353,0.626207231979472,0.111068703734702,-0.771704765870537
447092.7,4381573.3,0,-1.10526015109984,-2.78600501757448,-8.63012155203153,0.770558321197057,0.187781759516263,0.609079538670402,-0.117926167301186,0.981119178845546,-0.153292452413981,0.62636514326679,-0.0462943592073211,-0.778153930534285
447092.7,4382573.3,0,-1.28538526676112,-2.38552530206721,-9.48728327389994,-0.724569672803587,0.118935973884044,-0.678861564215825,-0.0447604190965291,-0.99103836597295,-0.125854924623422,0.687746533350481,0.0608045334322869,-0.723399968605526
447092.7,4383573.3,0,-1.14523636165758,-2.89385870539276,-8.1316319947589,-0.809376656193784,0.0878241717890276,-0.580686097007791,-0.0277666388928666,-0.993372207965032,-0.111537752385777,0.586633141045716,0.0741523518996469,-0.806450858102704
447092.7,4384573.3,0,-1.24382062919355,-2.62649579057014,-9.10365319740871,-0.730119751616597,-0.2664407506155,-0.62923324348827,0.18657595448599,-0.963590047738756,0.19152971859861,0.657354213120263,-0.0224398375722749,-0.753247563675296
447092.7,4385573.3,0,-1.34405875650448,-2.38262470349874,-9.31479345160821,0.771810235039615,-0.202926377288494,0.602602560970879,-0.0987254890400825,-0.974458650693599,-0.201701799452082,-0.628141893923571,-0.096183280714369,0.772131166065151
447092.7,4386573.3,0,-0.324378701996756,-3.04850686207684,-7.84659716451939,0.878491334600166,0.0948641077175742,0.468245422934778,-0.0693567070550609,0.995028829443938,-0.0714652066526432,0.472697178137229,-0.0303056041413966,-0.880703666472853
447092.7,4387573.3,0,-1.00327053683323,-2.24162986968375,-9.88617153312244,-0.754661877272093,-0.143059096926771,-0.640327686250296,0.118083726181894,-0.98961814911862,0.081927727577649,0.645400406416947,0.0137845464754804,-0.763720041425721
447092.7,4388573.3,0,-0.48731653332606,-2.86711029009813,-8.97033219496337,0.843137674657742,-0.268985883732279,0.46558077271887,-0.133599207040556,-0.943523585945034,-0.303174033590541,-0.520835975572799,-0.193416227649566,0.831456583010166
447092.7,4389573.3,0,-1.00799157831106,-2.30463131618946,-10.0480904139912,-0.812357611247966,-0.255877890903461,-0.524024442554253,-0.184059889914596,0.965165648846845,-0.185949528664836,-0.553350764318733,0.0546056337097581,0.831156517387086
447092.7,4390573.3,0,2.89603744035187,-0.92495123129063,-10.1941675676527,0.332381689930542,0.894927646764644,-0.297702736391879,-0.723826904464005,0.0396875439396399,-0.688839249193958,-0.604646197848769,0.444442803870571,0.660964121200759
